 Отметки исходных пунктов
M1 168.809
M2 169.168

 Число неизвестных пунктов: 5

 Характеристики секций
M1      Rp1     0.795   7.2     III
M1      Rp2     0.537   5.1     III
M2      Rp1     0.405   6.3     III
M2      Rp4    -1.047   8.5     III
M2      Rp5     1.782   2.6     III
Rp1     Rp2    -0.214   4.2     III
Rp1     Rp3     0.686   2.4     III
Rp1     Rp4    -1.413   5.1     III
Rp1     Rp5     1.315   6.8     III
Rp2     Rp3     0.906   6.9     III
Rp2     Rp4    -1.223   3.1     III
Rp3     Rp4    -2.127   8       III
Rp3     Rp5      0.68   6.9     III

 Невязки полигонов
w1 = -0.0440
w2 =  0.0060
w3 =  0.0510
w4 = -0.0620
w5 = -0.0020
w6 =  0.0220
w7 = -0.0390
w8 =  0.0310

 Допустимые невязки полигонов
w1 = 0.040620192023
w2 = 0.036742346142
w3 = 0.040124805295
w4 = 0.039623225512
w5 = 0.042426406871
w6 = 0.034928498393
w7 = 0.044609416046
w8 = 0.036742346142

 Веса
P1 = 1388.888888889
P2 = 1960.784313725
P3 = 1587.301587302
P4 = 1176.470588235
P5 = 3846.153846154
P6 = 2380.952380952
P7 = 4166.666666667
P8 = 1960.784313725
P9 = 1470.588235294
P10 = 1449.275362319
P11 = 3225.806451613
P12 = 1250.000000000
P13 = 1449.275362319

 Матрица коэфициентов B
-1  1  0  0  0 -1  0  0  0  0  0  0  0
 0  0  0  0  0  1 -1  0  0  1  0  0  0
 0  0  0  0  0  0  1  0 -1  0  0  0  1
 0  0  1  0 -1  0  0  0  1  0  0  0  0
 0  0  0  0  0  0  0  0  0 -1  1 -1  0
 0  0  0 -1  1  0  0  0  0  0  0  1 -1
 0  0 -1  1  0  0  0 -1  0  0  0  0  0
 1  0 -1  0  0  0  0  0  0  0  0  0  0

 Матрица весов
1389    0    0    0    0    0    0    0    0    0    0    0    0
   0 1961    0    0    0    0    0    0    0    0    0    0    0
   0    0 1587    0    0    0    0    0    0    0    0    0    0
   0    0    0 1176    0    0    0    0    0    0    0    0    0
   0    0    0    0 3846    0    0    0    0    0    0    0    0
   0    0    0    0    0 2381    0    0    0    0    0    0    0
   0    0    0    0    0    0 4167    0    0    0    0    0    0
   0    0    0    0    0    0    0 1961    0    0    0    0    0
   0    0    0    0    0    0    0    0 1471    0    0    0    0
   0    0    0    0    0    0    0    0    0 1449    0    0    0
   0    0    0    0    0    0    0    0    0    0 3226    0    0
   0    0    0    0    0    0    0    0    0    0    0 1250    0
   0    0    0    0    0    0    0    0    0    0    0    0 1449

 Матрица коэфициентов R
 0.001650 -0.000420  0.000000  0.000000  0.000000  0.000000  0.000000 -0.000720
-0.000420  0.001350 -0.000240  0.000000 -0.000690  0.000000  0.000000  0.000000
 0.000000 -0.000240  0.001610 -0.000680  0.000000 -0.000690  0.000000  0.000000
 0.000000  0.000000 -0.000680  0.001570  0.000000 -0.000260 -0.000630 -0.000630
 0.000000 -0.000690  0.000000  0.000000  0.001800 -0.000800  0.000000  0.000000
 0.000000  0.000000 -0.000690 -0.000260 -0.000800  0.002600 -0.000850  0.000000
 0.000000  0.000000  0.000000 -0.000630  0.000000 -0.000850  0.001990  0.000630
-0.000720  0.000000  0.000000 -0.000630  0.000000  0.000000  0.000630  0.001350

 Коррелаты
31.737949476873
15.731551346843
 8.957601177581
68.056301093318
17.040335152655
22.272291056820
49.882712386843
 2.444951487731

 Поправки
v1 = -0.021090958552
v2 =  0.016186354233
v3 =  0.009909041448
v4 =  0.023468858131
v5 = -0.011903842609
v6 = -0.006722687215
v7 = -0.001625748041
v8 = -0.025440183317
v9 =  0.040187115943
v10 = -0.000903060826
v11 =  0.005282503897
v12 =  0.004185564723
v13 = -0.009187136017

 Уравненные превышения
h_eq1 =  0.773909041448
h_eq2 =  0.553186354233
h_eq3 =  0.414909041448
h_eq4 = -1.023531141869
h_eq5 =  1.770096157391
h_eq6 = -0.220722687215
h_eq7 =  0.684374251959
h_eq8 = -1.438440183317
h_eq9 =  1.355187115943
h_eq10 =  0.905096939174
h_eq11 = -1.217717496103
h_eq12 = -2.122814435277
h_eq13 =  0.670812863983

 Невязки
w1_eq = 0.0000000000
w2_eq = 0.0000000000
w3_eq = 0.0000000000
w4_eq = 0.0000000000
w5_eq = 0.0000000000
w6_eq = 0.0000000000
w7_eq = 0.0000000000
w8_eq = 0.0000000000

The condition is met.

 Отметки реперов
H1 = 169.582909041448
H2 = 169.362186354233
H3 = 170.938096157391
H4 = 170.267283293407
H5 = 168.144468858131

 Ковариационная матрица уравненных превышений
 0.00016  0.00010  0.00016  0.00010  0.00006 -0.00006 -0.00004 -0.00005 -0.00010  0.00002  0.00000 -0.00002 -0.00006
 0.00010  0.00020  0.00010  0.00013  0.00004  0.00010  0.00001  0.00003 -0.00005 -0.00009 -0.00007  0.00002 -0.00007
 0.00016  0.00010  0.00016  0.00010  0.00006 -0.00006 -0.00004 -0.00005 -0.00010  0.00002  0.00000 -0.00002 -0.00006
 0.00010  0.00013  0.00010  0.00023  0.00005  0.00003  0.00001  0.00013 -0.00005 -0.00001  0.00010  0.00011 -0.00007
 0.00006  0.00004  0.00006  0.00005  0.00018 -0.00002  0.00002 -0.00001  0.00012  0.00003  0.00000 -0.00003  0.00010
-0.00006  0.00010 -0.00006  0.00003 -0.00002  0.00016  0.00005  0.00009  0.00004 -0.00011 -0.00008  0.00004 -0.00000
-0.00004  0.00001 -0.00004  0.00001  0.00002  0.00005  0.00015  0.00005  0.00005  0.00010  0.00000 -0.00010 -0.00009
-0.00005  0.00003 -0.00005  0.00013 -0.00001  0.00009  0.00005  0.00018  0.00004 -0.00004  0.00010  0.00013 -0.00001
-0.00010 -0.00005 -0.00010 -0.00005  0.00012  0.00004  0.00005  0.00004  0.00021  0.00001 -0.00000 -0.00001  0.00016
 0.00002 -0.00009  0.00002 -0.00001  0.00003 -0.00011  0.00010 -0.00004  0.00001  0.00021  0.00008 -0.00013 -0.00009
 0.00000 -0.00007  0.00000  0.00010  0.00000 -0.00008  0.00000  0.00010 -0.00000  0.00008  0.00017  0.00010 -0.00000
-0.00002  0.00002 -0.00002  0.00011 -0.00003  0.00004 -0.00010  0.00013 -0.00001 -0.00013  0.00010  0.00023  0.00009
-0.00006 -0.00007 -0.00006 -0.00007  0.00010 -0.00000 -0.00009 -0.00001  0.00016 -0.00009 -0.00000  0.00009  0.00026

 Матрица частных производных
1 0 0 0 0 0 0 0 0 0 0 0 0
0 1 0 0 0 0 0 0 0 0 0 0 0
0 1 0 0 0 0 0 0 0 1 0 0 0
0 0 0 1 0 0 0 0 0 0 0 0 0
0 1 0 0 0 0 0 0 0 1 0 0 1

 Ковариационная матрица реперов
0.00016 0.00010 0.00012 0.00010 0.00006
0.00010 0.00020 0.00011 0.00013 0.00004
0.00012 0.00011 0.00023 0.00012 0.00008
0.00010 0.00013 0.00012 0.00023 0.00005
0.00006 0.00004 0.00008 0.00005 0.00018

 VT*P*V = 6.478456030653
 СКП единицы веса       0.899892773519
 
 СКП превышений
mh_1 = 0.011226033805
mh_2 = 0.012716616067
mh_3 = 0.011226033805
mh_4 = 0.013655921576
mh_5 = 0.011969460439
mh_6 = 0.011467615029
mh_7 = 0.010844629039
mh_8 = 0.012222842080
mh_9 = 0.013144132989
mh_10 = 0.013034025763
mh_11 = 0.011901476485
mh_12 = 0.013637396435
mh_13 = 0.014404509887

 СКП реперов
mH_1 = 0.011226033805
mH_2 = 0.012716616067
mH_3 = 0.013654789462
mH_4 = 0.013655921576
mH_5 = 0.011969460439

 Xi2(1)         2.179730747253
 Xi2(2)         17.534546139485

 Коэфициент Стьюдента           3.678455833619
 Коэфициент Томпсона            2.296175576510

 Ковариационная матрица поправок:
 0.0006 -0.0001 -0.0002 -0.0001 -0.0001  0.0001  0.0000  0.0001  0.0001 -0.0000 -0.0000  0.0000  0.0001
-0.0001  0.0003 -0.0001 -0.0001 -0.0000 -0.0001 -0.0000 -0.0000  0.0001  0.0001  0.0001 -0.0000  0.0001
-0.0002 -0.0001  0.0005 -0.0001 -0.0001  0.0001  0.0000  0.0001  0.0001 -0.0000 -0.0000  0.0000  0.0001
-0.0001 -0.0001 -0.0001  0.0006 -0.0000 -0.0000 -0.0000 -0.0001  0.0001  0.0000 -0.0001 -0.0001  0.0001
-0.0001 -0.0000 -0.0001 -0.0000  0.0001  0.0000 -0.0000  0.0000 -0.0001 -0.0000 -0.0000  0.0000 -0.0001
 0.0001 -0.0001  0.0001 -0.0000  0.0000  0.0003 -0.0000 -0.0001 -0.0000  0.0001  0.0001 -0.0000  0.0000
 0.0000 -0.0000  0.0000 -0.0000 -0.0000 -0.0000  0.0001 -0.0001 -0.0001 -0.0001 -0.0000  0.0001  0.0001
 0.0001 -0.0000  0.0001 -0.0001  0.0000 -0.0001 -0.0001  0.0003 -0.0000  0.0000 -0.0001 -0.0001  0.0000
 0.0001  0.0001  0.0001  0.0001 -0.0001 -0.0000 -0.0001 -0.0000  0.0005 -0.0000  0.0000  0.0000 -0.0002
-0.0000  0.0001 -0.0000  0.0000 -0.0000  0.0001 -0.0001  0.0000 -0.0000  0.0005 -0.0001  0.0001  0.0001
-0.0000  0.0001 -0.0000 -0.0001 -0.0000  0.0001 -0.0000 -0.0001  0.0000 -0.0001  0.0001 -0.0001  0.0000
 0.0000 -0.0000  0.0000 -0.0001  0.0000 -0.0000  0.0001 -0.0001  0.0000  0.0001 -0.0001  0.0006 -0.0001
 0.0001  0.0001  0.0001  0.0001 -0.0001  0.0000  0.0001  0.0000 -0.0002  0.0001  0.0000 -0.0001  0.0004

Матрица нормативных поправок:
0.986553267520
1.021085449247
0.505566907324
1.047621093559
1.451236701958
0.465449410144
0.185575461477
1.566911553083
2.067274221132
0.045794006150
0.505057742185
0.194758125174
0.490179713246




